1,2,3,4,1,2,3,4,1,2,3,4,1,2,3,4,1,2,3,4,1,2,3,4,1,2,3,4,1,2,3,4,1,2,3,4,1,
5,6,7,8,5,6,7,8,5,6,7,8,5,6,7,8,5,6,7,8,5,6,7,8,5,6,7,8,5,6,7,8,5,6,7,8,5,
9,10,11,12,9,10,11,12,9,10,11,12,9,10,11,12,9,10,11,12,9,10,11,12,9,10,11,12,9,10,11,12,9,10,11,12,9,
13,14,15,16,13,14,15,16,13,14,15,16,13,14,15,16,13,14,15,16,13,14,15,16,13,14,15,16,13,14,15,16,13,14,15,16,13,
1,2,3,4,1,2,3,4,1,2,3,4,1,2,3,4,1,2,3,4,1,2,3,4,1,2,3,4,1,2,3,4,1,2,3,4,1,
5,6,7,8,5,6,7,8,5,6,7,8,5,6,7,8,5,6,7,8,5,6,7,8,5,6,7,8,5,6,7,8,5,6,7,8,5,
9,10,11,12,9,10,11,12,9,10,11,12,9,10,11,12,9,10,11,12,9,10,11,12,9,10,11,12,9,10,11,12,9,10,11,12,9,
13,14,15,16,13,14,15,16,13,14,15,16,13,14,15,16,13,14,15,16,13,14,15,16,13,14,15,16,13,14,15,16,13,14,15,16,13,
1,2,3,4,1,2,3,4,1,2,3,4,1,2,3,4,1,2,3,4,1,2,3,4,1,2,3,4,1,2,3,4,1,2,3,4,1,
5,6,7,8,5,6,7,8,5,6,7,8,5,6,7,8,5,6,7,8,5,6,7,8,5,6,7,8,5,6,7,8,5,6,7,8,5,
9,10,11,12,9,10,11,12,9,10,11,12,9,10,11,12,9,10,11,12,9,10,11,12,9,10,11,12,9,10,11,12,9,10,11,12,9,
13,14,15,16,13,14,15,16,13,14,15,16,13,14,15,16,13,14,15,16,13,14,15,16,13,14,15,16,13,14,15,16,13,14,15,16,13,
1,2,3,4,1,2,3,4,1,2,3,4,1,2,3,4,1,2,3,4,1,2,3,4,1,2,3,4,1,2,3,4,1,2,3,4,1,
5,6,7,8,5,6,7,8,5,6,7,8,5,6,7,8,5,6,7,8,5,6,7,8,5,6,7,8,5,6,7,8,5,6,7,8,5,
9,10,11,12,9,10,11,12,9,10,11,12,9,10,11,12,9,10,11,12,9,10,11,12,9,10,11,12,9,10,11,12,9,10,11,12,9,
13,14,15,16,13,14,15,16,13,14,15,16,13,14,15,16,13,14,15,16,13,14,15,16,13,14,15,16,13,14,15,16,13,14,15,16,13,
1,2,3,4,1,2,3,4,1,2,3,4,1,2,3,4,1,2,3,4,1,2,3,4,1,2,3,4,1,2,3,4,1,2,3,4,1,
5,6,7,8,5,6,7,8,5,6,7,8,5,6,7,8,5,6,7,8,5,6,7,8,5,6,7,8,5,6,7,8,5,6,7,8,5,
9,10,11,12,9,10,11,12,9,10,11,12,9,10,11,12,9,10,11,12,9,10,11,12,9,10,11,12,9,10,11,12,9,10,11,12,9,
13,14,15,16,13,14,15,16,13,14,15,16,13,14,15,16,13,14,15,16,13,14,15,16,13,14,15,16,13,14,15,16,13,14,15,16,13,
1,2,3,4,1,2,3,4,1,2,3,4,1,2,3,4,1,2,3,4,1,2,3,4,1,2,3,4,1,2,3,4,1,2,3,4,1,
5,6,7,8,5,6,7,8,5,6,7,8,5,6,7,8,5,6,7,8,5,6,7,8,5,6,7,8,5,6,7,8,5,6,7,8,5,
9,10,11,12,9,10,11,12,9,10,11,12,9,10,11,12,9,10,11,12,9,10,11,12,9,10,11,12,9,10,11,12,9,10,11,12,9,
13,14,15,16,13,14,15,16,13,14,15,16,13,14,15,16,13,14,15,16,13,14,15,16,13,14,15,16,13,14,15,16,13,14,15,16,13,
1,2,3,4,1,2,3,4,1,2,3,4,1,2,3,4,1,2,3,4,1,2,3,4,1,2,3,4,1,2,3,4,1,2,3,4,1,
5,6,7,8,5,6,7,8,5,6,7,8,5,6,7,8,5,6,7,8,5,6,7,8,5,6,7,8,5,6,7,8,5,6,7,8,5,
9,10,11,12,9,10,11,12,9,10,11,12,9,10,11,12,9,10,11,12,9,10,11,12,9,10,11,12,9,10,11,12,9,10,11,12,9,
13,14,15,16,13,14,15,16,13,14,15,16,13,14,15,16,13,14,15,16,13,14,15,16,13,14,15,16,13,14,15,16,13,14,15,16,13,
1,2,3,4,1,2,3,4,1,2,3,4,1,2,3,4,1,2,3,4,1,2,3,4,1,2,3,4,1,2,3,4,1,2,3,4,4,
5,6,7,8,5,6,7,8,5,6,7,8,5,6,7,8,5,6,7,8,5,6,7,8,5,6,7,8,5,6,7,8,5,6,7,8,8,
9,10,11,12,9,10,11,12,9,10,11,12,9,10,11,12,9,10,11,12,9,10,11,12,9,10,11,12,9,10,11,12,9,10,11,12,12